6
1 19 -2.09 -13.49
4 19 4 5.35 -3.90 -11.42 10.75 10.58 10.26 -9.28 0.75
2 19
3 2.61 9.56
1 12 -0.87 -10.65
2 12
4 20 20 -10.74 10.52 -8.56 -11.45 4.36 4.82 -10.26 -6.75 -11.99 14.34 4.63 -14.60 -11.54 -7.77 -12.46 -1.67 14.21 -11.80 4.90 11.44 14.43 -8.98 7.09 4.58 -10.17 -11.75 14.21 -12.14 8.37 -3.20 14.62 -9.21 13.03 -6.92 -0.13 7.31 -7.11 -14.74 11.01 -7.31
1 6 -8.96 7.59
2 6
6 19 9.66 -11.66 -3.65 5.32 12.87 -10.56 -1.57 4.54 -12.39 5.93 -9.24 -1.91 11.66 10.87 9.42 -3.50 -12.58 6.90 5.84 12.90 1.67 2.22 8.97 12.16 0.23 -1.42 -0.72 -10.82 6.26 10.96 3.62 10.88 0.86 6.21 -0.04 -1.01 13.39 -5.03
