6
1 -15 6.60 -2.61
1 15 3.64 -1.68
2 15
4 9 17 -5.42 -7.26 -12.10 4.57 11.31 0.85 -6.54 6.97 -6.95 -13.87 -14.36 1.15 7.21 -0.01 -4.35 -3.49 -0.93 14.79 -1.64 -6.43 2.45 -0.63 -13.68 -6.68 10.41 -10.73 1.29 -10.23 -5.22 12.12 2.28 -5.97 -11.67 -11.06
3 11.80 1.59
1 6 -7.35 5.43
1 19 10.41 6.93
6 15 -11.22 5.29 3.78 -8.99 7.79 -0.91 -11.81 -5.92 7.45 -6.18 -9.88 -6.69 -7.98 3.17 10.43 -14.45 -9.64 5.98 1.58 10.85 2.32 10.55 -9.16 -3.97 3.69 -7.86 -6.95 4.05 5.94 -2.64
2 19
2 -15
6 20 7.30 -12.46 14.13 -8.21 -11.00 -5.33 -7.24 -5.72 -4.28 7.76 12.51 -10.59 -7.51 -1.14 -5.48 2.44 -1.06 12.63 -2.01 -11.21 -11.33 12.82 -12.05 1.81 3.31 -10.16 4.90 12.02 -1.78 1.80 13.41 11.58 -12.32 -1.31 1.33 3.04 3.22 3.63 -9.97 -7.43
