6
6 10 -13.41 7.09 -5.96 -4.31 -5.00 -10.46 -7.96 6.83 -14.83 3.11 1.94 -2.83 12.19 -10.26 -14.81 10.64 12.43 6.57 10.99 -12.51
3 -1.18 -10.46
1 -15 -9.80 3.97
2 -15
4 14 2 -6.19 -5.52 11.14 0.73
3 8.02 -0.41
1 -3 -13.66 -2.43
1 11 -7.90 -1.01
1 5 7.12 14.02
4 4 19 -9.89 -12.97 -8.52 3.81 -1.75 -7.11 7.02 -4.35 6.02 -6.28 4.35 -11.33 -4.67 -3.82 7.29 1.24 1.49 -10.16 6.46 4.38 -5.90 5.60 3.16 1.99 -3.80 9.65 -5.39 -6.80 -13.70 6.11 -8.83 -4.07 -0.67 6.80 2.15 -14.80 2.52 -12.19
4 10 4 11.60 -12.38 4.97 2.62 3.92 10.51 3.38 12.37
